Confusion Matrix:
[[159   0   1   0   2   0   0   0   0   0]
 [  0 176   0   1   2   1   0   1   1   0]
 [  0   1 147   0   4   0   1   4   2   0]
 [  0   0   5 149   1   4   0   3   3   3]
 [  1   0   0   0 156   0   4   0   2   1]
 [  1   2   1   3   0 129   2   1   2   1]
 [  0   0   0   0   1   1 163   0   1   0]
 [  0   1   0   0   3   1   0 162   0   4]
 [  0   2   3   0   0   1   0   1 141   2]
 [  4   2   0   3   4   0   1   3   0 144]]
Total Tests: 1625
Number of Accurate Labels: 1526
Accuracy: 0.939076923076923
Precision: 
['0.96', '0.96', '0.94', '0.96', '0.90', '0.94', '0.95', '0.93', '0.93', '0.93']
Recall: 
['0.98', '0.97', '0.92', '0.89', '0.95', '0.91', '0.98', '0.95', '0.94', '0.89']