Precision: 
['0.38', '0.89', '0.82', '0.77', '0.82', '0.69', '0.90', '0.92', '0.80', '0.78']
Recall: 
['0.90', '0.80', '0.58', '0.67', '0.70', '0.69', '0.80', '0.74', '0.59', '0.69']
Confusion Matrix:
[[146   1   3   1   1   4   1   2   3   1]
 [ 20 146   3   1   1   4   1   1   5   0]
 [ 35   4  93  16   2   0   1   3   4   1]
 [ 34   2   4 112   0   8   0   1   4   2]
 [ 23   3   2   1 114   7   7   0   0   7]
 [ 28   0   0   3   5  98   1   0   2   5]
 [ 18   1   2   1   2   8 132   0   2   0]
 [ 22   4   0   0   3   3   0 126   2  11]
 [ 30   3   5   5   5   6   3   0  89   4]
 [ 29   0   2   5   6   4   0   4   0 111]]
Total Tests: 1625
Number of Accurate Labels: 1167
Accuracy: 0.7181538461538461