Precision: 
['0.43', '0.94', '0.87', '0.88', '0.92', '0.75', '0.96', '0.93', '0.84', '0.83']
Recall: 
['0.96', '0.84', '0.73', '0.63', '0.82', '0.60', '0.82', '0.87', '0.71', '0.83']
Confusion Matrix:
[[156   0   1   0   1   1   0   0   3   1]
 [ 17 152   2   1   0   8   0   0   1   1]
 [ 27   3 116   2   0   0   4   2   5   0]
 [ 31   2   3 105   1  13   0   2   7   3]
 [ 16   1   2   0 135   0   1   0   0   9]
 [ 38   0   1   8   4  85   0   2   2   2]
 [ 18   0   5   0   3   2 136   0   2   0]
 [ 12   0   0   1   0   1   0 148   0   9]
 [ 26   3   3   3   1   2   1   1 107   3]
 [ 20   0   1   0   1   1   0   4   1 133]]
Total Tests: 1625
Number of Accurate Labels: 1273
Accuracy: 0.7833846153846153