Precision: 
['0.84', '0.88', '0.71', '0.72', '0.77', '0.67', '0.78', '0.83', '0.69', '0.72']
Recall: 
['0.87', '0.86', '0.71', '0.70', '0.80', '0.64', '0.77', '0.85', '0.67', '0.73']
Confusion Matrix:
[[141   0   7   1   1   3   4   0   2   3]
 [  1 157   4   5   4   0   4   1   4   2]
 [  3   6 113   7   4   3   6   7   9   1]
 [  8   0  13 118   3  11   0   4   6   5]
 [  1   2   6   3 131   4   4   5   1   7]
 [  3   3   3  11   4  91  10   3   7   7]
 [  3   1   8   2   8   8 128   0   6   2]
 [  1   3   0   3   4   1   1 146   4   8]
 [  4   5   4   8   3   6   7   2 101  10]
 [  3   1   2   7   8   9   1   7   6 117]]
Total Tests: 1625
Number of Accurate Labels: 1243
Accuracy: 0.7649230769230769