Precision: 
['0.70', '0.92', '0.76', '0.73', '0.83', '0.73', '0.86', '0.81', '0.71', '0.70']
Recall: 
['0.86', '0.90', '0.70', '0.69', '0.79', '0.64', '0.82', '0.82', '0.75', '0.74']
Confusion Matrix:
[[140   0   5   6   2   2   1   2   2   2]
 [  1 164   5   3   3   1   1   2   1   1]
 [  3   0 111  10   3   8   3   6  10   5]
 [  8   6   7 116   1   5   4   2  11   8]
 [  6   0   3   1 130   3   5   4   2  10]
 [ 11   6   1   9   2  91   5   2  11   4]
 [ 10   2   0   0   4   6 136   0   5   3]
 [  8   0   3   0   6   1   0 141   2  10]
 [  6   1   9   6   3   3   3   0 112   7]
 [  6   0   3   8   2   5   1  15   2 119]]
Total Tests: 1625
Number of Accurate Labels: 1260
Accuracy: 0.7753846153846153